11000001	21000311	31000007	J105443
11000001	21000311	31000008	J100744
11000001	21000311	31000009	J225046
11000001	21000311	31000010	J160837
11000001	21000311	31000011	J114700
11000001	21000311	31000012	J134914
11000001	21000312	31000013	J102655
11000001	21000312	31000014	J134312
11000001	21000312	31000015	J205818
11000001	21000312	31000016	J113434
11000001	21000312	31000017	J105711
11000001	21000312	31000018	J164218
11000001	21000312	31000019	J154535
11000001	21000312	31000020	J111301
11000001	21000312	31000021	J135038
11000001	21000312	31000022	J121358
11000001	21000312	31000023	J222914
11000001	21000312	31000024	J155429
11000001	21000313	31000025	J204640
11000001	21000313	31000026	J162604
11000001	21000313	31000027	J164807
11000001	21000313	31000028	J233317
11000001	21000313	31000029	J155023
11000001	21000313	31000030	J112628
11000001	21000313	31000031	J153001
11000001	21000313	31000032	J143204
11000001	21000313	31000033	J101729
11000001	21000313	31000034	J221203
11000001	21000314	31000035	J125428
11000001	21000314	31000036	J131854
11000001	21000314	31000037	J160534
11000001	21000314	31000038	J144855
11000001	21000314	31000039	J101453
11000001	21000314	31000040	J144913
11000001	21000314	31000041	J144530
11000001	21000314	31000042	J135411
11000001	21000314	31000043	J125713
11000001	21000314	31000044	J105521
11000001	21000315	31000045	J224324
11000001	21000315	31000046	J163203
11000001	21000315	31000047	J171818
11000001	21000315	31000048	J145337
11000001	21000315	31000049	J150131
11000001	21000315	31000050	J130842
11000001	21000315	31000051	J145406
11000001	21000315	31000052	J103404
11000001	21000315	31000053	J112124
11000001	21000316	31000054	J124926
11000001	21000316	31000055	J232605
11000001	21000316	31000056	J144938
11000001	21000316	31000057	J233828
11000001	21000316	31000058	J130714
11000001	21000316	31000059	J142701
11000001	21000316	31000060	J154226
11000001	21000316	31000061	J125843
11000001	21000316	31000062	J155459
11000001	21000317	31000063	J225555
11000001	21000317	31000064	J115549
11000001	21000317	31000065	J140741
11000001	21000317	31000066	J104140
11000001	21000317	31000067	J101757
11000001	21000317	31000068	J100250
11000001	21000317	31000069	J113721
11000001	21000317	31000070	J105039
11000001	21000317	31000071	J233550
11000001	21000318	31000072	J114033
11000001	21000318	31000073	J105936
11000001	21000318	31000074	J140121
11000001	21000318	31000075	J154029
11000001	21000318	31000076	J101336
11000001	21000318	31000077	J160039
11000001	21000318	31000078	J161257
11000001	21000318	31000079	J144303
11000001	21000318	31000080	J121131
11000001	21000318	31000081	J113653
11000001	21000318	31000082	J123454
11000001	21000318	31000083	J110750
11000001	21000319	31000084	J151106
11000001	21000319	31000085	J100040
11000001	21000319	31000086	J223733
11000001	21000319	31000087	J110431
11000001	21000319	31000088	J134446
11000001	21000319	31000089	J143202
11000001	21000319	31000090	J210436
11000001	21000319	31000091	J133030
11000001	21000319	31000092	J170645
11000001	21000320	31000093	J103151
11000001	21000320	31000094	J222206
11000001	21000320	31000095	J130602
11000001	21000320	31000096	J123708
11000001	21000320	31000097	J123831
11000001	21000320	31000098	J164927
11000001	21000320	31000099	J134143
11000001	21000320	31000100	J214534
11000001	21000320	31000101	J135250
11000001	21000320	31000102	J111707
11000001	21000320	31000103	J135245
11000001	21000320	31000104	J101408
11000001	21000321	31000105	J215117
11000001	21000321	31000106	J141019
11000001	21000321	31000107	J102206
11000001	21000321	31000108	J125903
11000001	21000321	31000109	J134939
11000001	21000321	31000110	J162641
11000001	21000321	31000111	J152537
11000001	21000321	31000112	J224442
11000001	21000321	31000113	J104138
11000001	21000321	31000114	J121516
11000001	21000321	31000115	J114540
11000001	21000321	31000116	J155013
11000001	21000322	31000117	J144450
11000001	21000322	31000118	J141239
11000001	21000322	31000119	J115545
11000001	21000322	31000120	J114905
11000001	21000322	31000121	J120522
11000001	21000322	31000122	J172907
11000001	21000322	31000123	J164550
11000001	21000322	31000124	J141812
11000001	21000322	31000125	J134637
11000001	21000322	31000126	J134132
11000001	21000322	31000127	J125011
11000001	21000323	31000128	J105942
11000001	21000323	31000129	J171653
11000001	21000323	31000130	J110213
11000001	21000323	31000131	J115048
11000001	21000323	31000132	J174405
11000001	21000323	31000133	J123111
11000001	21000323	31000134	J123047
11000001	21000323	31000135	J231541
11000001	21000323	31000136	J215900
11000001	21000323	31000137	J110651
11000001	21000323	31000138	J140602
11000001	21000323	31000139	J163804
11000002	21000001	31000140	J125209
11000002	21000001	31000141	J140831
11000002	21000001	31000142	J161811
11000002	21000001	31000143	J112913
11000002	21000001	31000144	J105632
11000002	21000001	31000145	J160710
11000002	21000001	31000146	J160835
11000002	21000001	31000147	J122659
11000002	21000001	31000148	J130931
11000002	21000001	31000149	J161115
11000002	21000001	31000150	J120734
11000002	21000002	31000151	J110906
11000002	21000002	31000152	J121418
11000002	21000002	31000153	J113820
11000002	21000002	31000154	J113506
11000002	21000002	31000155	J172240
11000002	21000002	31000156	J110101
11000002	21000002	31000157	J110108
11000002	21000002	31000158	J213555
11000002	21000002	31000159	J144704
11000002	21000002	31000160	J115815
11000002	21000002	31000161	J133653
11000002	21000002	31000162	J171700
11000002	21000003	31000163	J104628
11000002	21000003	31000164	J114546
11000002	21000003	31000165	J235419
11000002	21000003	31000166	J204503
11000002	21000003	31000167	J215417
11000002	21000003	31000168	J110545
11000002	21000003	31000169	J153536
11000002	21000003	31000170	J150407
11000002	21000003	31000171	J153530
11000002	21000003	31000172	J131232
11000002	21000003	31000173	J101020
11000002	21000004	31000174	J133613
11000002	21000004	31000175	J165901
11000002	21000004	31000176	J152006
11000002	21000004	31000177	J160345
11000002	21000004	31000178	J134330
11000002	21000004	31000179	J213342
11000002	21000004	31000180	J150745
11000002	21000004	31000181	J165056
11000002	21000004	31000182	J150827
11000002	21000004	31000183	J144632
11000002	21000004	31000184	J102630
11000002	21000004	31000185	J133335
11000002	21000005	31000186	J125925
11000002	21000005	31000187	J142617
11000002	21000005	31000188	J150818
11000002	21000005	31000189	J114420
11000002	21000005	31000190	J112250
11000002	21000005	31000191	J155935
11000002	21000005	31000192	J115738
11000002	21000005	31000193	J232715
11000002	21000005	31000194	J110051
11000002	21000006	31000195	J152928
11000002	21000006	31000196	J132216
11000002	21000006	31000197	J132758
11000002	21000006	31000198	J134145
11000002	21000006	31000199	J102849
11000002	21000006	31000200	J120335
11000002	21000006	31000201	J104439
11000002	21000006	31000202	J122717
11000002	21000006	31000203	J101817
11000002	21000006	31000204	J131551
11000002	21000007	31000205	J115200
11000002	21000007	31000206	J155029
11000002	21000007	31000207	J223703
11000002	21000007	31000208	J233359
11000002	21000007	31000209	J114107
11000002	21000007	31000210	J152014
11000002	21000007	31000211	J100211
11000002	21000007	31000212	J104103
11000002	21000007	31000213	J171019
11000002	21000007	31000214	J114313
11000002	21000008	31000215	J130542
11000002	21000008	31000216	J114719
11000002	21000008	31000217	J130322
11000002	21000008	31000218	J161524
11000002	21000008	31000219	J162858
11000002	21000008	31000220	J121158
11000002	21000008	31000221	J113050
11000002	21000008	31000222	J141514
11000002	21000008	31000223	J220654
11000002	21000008	31000224	J162118
11000002	21000008	31000225	J231004
11000002	21000008	31000226	J120621
11000002	21000009	31000227	J151601
11000002	21000009	31000228	J105837
11000002	21000009	31000229	J143133
11000002	21000009	31000230	J100422
11000002	21000009	31000231	J104335
11000002	21000009	31000232	J105700
11000002	21000009	31000233	J215431
11000002	21000009	31000234	J143628
11000002	21000009	31000235	J141150
11000002	21000009	31000236	J163743
11000002	21000009	31000237	J161509
11000002	21000009	31000238	J150629
11000002	21000010	31000239	J141017
11000002	21000010	31000240	J130045
11000002	21000010	31000241	J123748
11000002	21000010	31000242	J124051
11000002	21000010	31000243	J151141
11000002	21000010	31000244	J112129
11000002	21000010	31000245	J213653
11000002	21000010	31000246	J143649
11000002	21000010	31000247	J223855
11000002	21000010	31000248	J140019
11000002	21000010	31000249	J110605
11000002	21000010	31000250	J122843
11000002	21000011	31000251	J205004
11000002	21000011	31000252	J122114
11000002	21000011	31000253	J163533
11000002	21000011	31000254	J151518
11000002	21000011	31000255	J122712
11000002	21000011	31000256	J143002
11000002	21000011	31000257	J160307
11000002	21000011	31000258	J213932
11000002	21000011	31000259	J102414
11000002	21000011	31000260	J170949
11000002	21000012	31000261	J235001
11000002	21000012	31000262	J103320
11000002	21000012	31000263	J141038
11000002	21000012	31000264	J172003
11000002	21000012	31000265	J124215
11000002	21000012	31000266	J215754
11000002	21000012	31000267	J102837
11000002	21000012	31000268	J130155
11000002	21000012	31000269	J170544
11000002	21000012	31000270	J142649
11000002	21000013	31000271	J150539
11000002	21000013	31000272	J163156
11000002	21000013	31000273	J120338
11000002	21000013	31000274	J142941
11000002	21000013	31000275	J110126
11000002	21000013	31000276	J155504
11000002	21000013	31000277	J144228
11000002	21000013	31000278	J223650
11000002	21000013	31000279	J102734
11000002	21000013	31000280	J105232
11000002	21000013	31000281	J133128
11000002	21000014	31000282	J140135
11000002	21000014	31000283	J115216
11000002	21000014	31000284	J153311
11000002	21000014	31000285	J164756
11000002	21000014	31000286	J165216
11000002	21000014	31000287	J114914
11000002	21000014	31000288	J212504
11000002	21000014	31000289	J120256
11000002	21000014	31000290	J143421
11000002	21000014	31000291	J223026
11000002	21000014	31000292	J102918
11000003	21000015	31000293	J142136
11000003	21000015	31000294	J134540
11000003	21000015	31000295	J124451
11000003	21000015	31000296	J102749
11000003	21000015	31000297	J165741
11000003	21000015	31000298	J142119
11000003	21000015	31000299	J105642
11000003	21000015	31000300	J154354
11000003	21000015	31000301	J102005
11000003	21000015	31000302	J133052
11000003	21000015	31000303	J103341
11000003	21000015	31000304	J142114
11000003	21000016	31000305	J152353
11000003	21000016	31000306	J120431
11000003	21000016	31000307	J103547
11000003	21000016	31000308	J161107
11000003	21000016	31000309	J160334
11000003	21000016	31000310	J101845
11000003	21000016	31000311	J171805
11000003	21000016	31000312	J134610
11000003	21000016	31000313	J173842
11000003	21000017	31000314	J155203
11000003	21000017	31000315	J121935
11000003	21000017	31000316	J105013
11000003	21000017	31000317	J161846
11000003	21000017	31000318	J113632
11000003	21000017	31000319	J170106
11000003	21000017	31000320	J123828
11000003	21000017	31000321	J172147
11000003	21000017	31000322	J164759
11000003	21000018	31000323	J212957
11000003	21000018	31000324	J212338
11000003	21000018	31000325	J115823
11000003	21000018	31000326	J112744
11000003	21000018	31000327	J121941
11000003	21000018	31000328	J125650
11000003	21000018	31000329	J161344
11000003	21000018	31000330	J134833
11000003	21000018	31000331	J143517
11000003	21000018	31000332	J133245
11000003	21000018	31000333	J113918
11000003	21000019	31000334	J161644
11000003	21000019	31000335	J152257
11000003	21000019	31000336	J155833
11000003	21000019	31000337	J151332
11000003	21000019	31000338	J231306
11000003	21000019	31000339	J171312
11000003	21000019	31000340	J112406
11000003	21000019	31000341	J212904
11000003	21000019	31000342	J111811
11000003	21000020	31000343	J104201
11000003	21000020	31000344	J150216
11000003	21000020	31000345	J112934
11000003	21000020	31000346	J115808
11000003	21000020	31000347	J121915
11000003	21000020	31000348	J133259
11000003	21000020	31000349	J150325
11000003	21000020	31000350	J122224
11000003	21000020	31000351	J131702
11000003	21000020	31000352	J141807
11000003	21000020	31000353	J142327
11000003	21000020	31000354	J144822
11000004	21000021	31000355	J164417
11000004	21000021	31000356	J125227
11000004	21000021	31000357	J113057
11000004	21000021	31000358	J101524
11000004	21000021	31000359	J124508
11000004	21000021	31000360	J141156
11000004	21000021	31000361	J222822
11000004	21000021	31000362	J104253
11000004	21000021	31000363	J144153
11000004	21000022	31000364	J103406
11000004	21000022	31000365	J133210
11000004	21000022	31000366	J111740
11000004	21000022	31000367	J125956
11000004	21000022	31000368	J105951
11000004	21000022	31000369	J141857
11000004	21000022	31000370	J120726
11000004	21000022	31000371	J155737
11000004	21000022	31000372	J144605
11000004	21000022	31000373	J144218
11000004	21000022	31000374	J114835
11000004	21000023	31000375	J134006
11000004	21000023	31000376	J160941
11000004	21000023	31000377	J111557
11000004	21000023	31000378	J124219
11000004	21000023	31000379	J155620
11000004	21000023	31000380	J114346
11000004	21000023	31000381	J153532
11000004	21000023	31000382	J211936
11000004	21000023	31000383	J211036
11000004	21000023	31000384	J145805
11000004	21000023	31000385	J151548
11000004	21000024	31000386	J160412
11000004	21000024	31000387	J104008
11000004	21000024	31000388	J145715
11000004	21000024	31000389	J235321
11000004	21000024	31000390	J103339
11000004	21000024	31000391	J132009
11000004	21000024	31000392	J210548
11000004	21000024	31000393	J235408
11000004	21000024	31000394	J122821
11000004	21000024	31000395	J121925
11000004	21000024	31000396	J151047
11000004	21000024	31000397	J111011
11000004	21000025	31000398	J154212
11000004	21000025	31000399	J130256
11000004	21000025	31000400	J113230
11000004	21000025	31000401	J132557
11000004	21000025	31000402	J233534
11000004	21000025	31000403	J232801
11000004	21000025	31000404	J153627
11000004	21000025	31000405	J134800
11000004	21000025	31000406	J111508
11000004	21000025	31000407	J143639
11000004	21000026	31000408	J160753
11000004	21000026	31000409	J151231
11000004	21000026	31000410	J142547
11000004	21000026	31000411	J142306
11000004	21000026	31000412	J210422
11000004	21000026	31000413	J112137
11000004	21000026	31000414	J160715
11000004	21000026	31000415	J145931
11000004	21000026	31000416	J103217
11000004	21000026	31000417	J143505
11000004	21000027	31000418	J142533
11000004	21000027	31000419	J112146
11000004	21000027	31000420	J103839
11000004	21000027	31000421	J152433
11000004	21000027	31000422	J110408
11000004	21000027	31000423	J205546
11000004	21000027	31000424	J152801
11000004	21000027	31000425	J120308
11000004	21000027	31000426	J103948
11000004	21000028	31000427	J112820
11000004	21000028	31000428	J231837
11000004	21000028	31000429	J110043
11000004	21000028	31000430	J121454
11000004	21000028	31000431	J230959
11000004	21000028	31000432	J103408
11000004	21000028	31000433	J162720
11000004	21000028	31000434	J132418
11000004	21000028	31000435	J164235
11000004	21000029	31000436	J143429
11000004	21000029	31000437	J134654
11000004	21000029	31000438	J112801
11000004	21000029	31000439	J110656
11000004	21000029	31000440	J134951
11000004	21000029	31000441	J155307
11000004	21000029	31000442	J131204
11000004	21000029	31000443	J213737
11000004	21000029	31000444	J235117
11000004	21000029	31000445	J164938
11000004	21000029	31000446	J120310
11000004	21000029	31000447	J144838
11000004	21000030	31000448	J101307
11000004	21000030	31000449	J172354
11000004	21000030	31000450	J235447
11000004	21000030	31000451	J124023
11000004	21000030	31000452	J171424
11000004	21000030	31000453	J150921
11000004	21000030	31000454	J171518
11000004	21000030	31000455	J140012
11000004	21000030	31000456	J155616
11000004	21000030	31000457	J234557
11000004	21000030	31000458	J162700
11000005	21000031	31000459	J103716
11000005	21000031	31000460	J100640
11000005	21000031	31000461	J151250
11000005	21000031	31000462	J141332
11000005	21000031	31000463	J211915
11000005	21000031	31000464	J144546
11000005	21000031	31000465	J145759
11000005	21000031	31000466	J103422
11000005	21000031	31000467	J130222
11000005	21000032	31000468	J165357
11000005	21000032	31000469	J105321
11000005	21000032	31000470	J105803
11000005	21000032	31000471	J130209
11000005	21000032	31000472	J122832
11000005	21000032	31000473	J143359
11000005	21000032	31000474	J100447
11000005	21000032	31000475	J115651
11000005	21000032	31000476	J134323
11000005	21000032	31000477	J160014
11000005	21000032	31000478	J110823
11000005	21000033	31000479	J100246
11000005	21000033	31000480	J131221
11000005	21000033	31000481	J145155
11000005	21000033	31000482	J114405
11000005	21000033	31000483	J215537
11000005	21000033	31000484	J172551
11000005	21000033	31000485	J131107
11000005	21000033	31000486	J113108
11000005	21000033	31000487	J172556
11000005	21000033	31000488	J123450
11000005	21000033	31000489	J135809
11000005	21000034	31000490	J212319
11000005	21000034	31000491	J104210
11000005	21000034	31000492	J170038
11000005	21000034	31000493	J104115
11000005	21000034	31000494	J114758
11000005	21000034	31000495	J231517
11000005	21000034	31000496	J114055
11000005	21000034	31000497	J120619
11000005	21000034	31000498	J213058
11000005	21000035	31000499	J162430
11000005	21000035	31000500	J120928
11000005	21000035	31000501	J132918
11000005	21000035	31000502	J105203
11000005	21000035	31000503	J104328
11000005	21000035	31000504	J130854
11000005	21000035	31000505	J164130
11000005	21000035	31000506	J110316
11000005	21000035	31000507	J122331
11000005	21000036	31000508	J133419
11000005	21000036	31000509	J150137
11000005	21000036	31000510	J140112
11000005	21000036	31000511	J125721
11000005	21000036	31000512	J154515
11000005	21000036	31000513	J135703
11000005	21000036	31000514	J102347
11000005	21000036	31000515	J234942
11000005	21000036	31000516	J134618
11000005	21000036	31000517	J154858
11000005	21000036	31000518	J132052
11000005	21000037	31000519	J114046
11000005	21000037	31000520	J150859
11000005	21000037	31000521	J151615
11000005	21000037	31000522	J122246
11000005	21000037	31000523	J132559
11000005	21000037	31000524	J230207
11000005	21000037	31000525	J140308
11000005	21000037	31000526	J140642
11000005	21000037	31000527	J114306
11000005	21000037	31000528	J154606
11000005	21000037	31000529	J135910
11000005	21000038	31000530	J132024
11000005	21000038	31000531	J160311
11000005	21000038	31000532	J142239
11000005	21000038	31000533	J101149
11000005	21000038	31000534	J154538
11000005	21000038	31000535	J144426
11000005	21000038	31000536	J150341
11000005	21000038	31000537	J122124
11000005	21000038	31000538	J112614
11000005	21000039	31000539	J145316
11000005	21000039	31000540	J215736
11000005	21000039	31000541	J163138
11000005	21000039	31000542	J100033
11000005	21000039	31000543	J170552
11000005	21000039	31000544	J104820
11000005	21000039	31000545	J131240
11000005	21000039	31000546	J120442
11000005	21000039	31000547	J105000
11000005	21000039	31000548	J164507
11000005	21000039	31000549	J144956
11000005	21000040	31000550	J114712
11000005	21000040	31000551	J211908
11000005	21000040	31000552	J150700
11000005	21000040	31000553	J164931
11000005	21000040	31000554	J121412
11000005	21000040	31000555	J145211
11000005	21000040	31000556	J174449
11000005	21000040	31000557	J133015
11000005	21000040	31000558	J134534
11000005	21000040	31000559	J153229
11000005	21000040	31000560	J133557
11000006	21000041	31000561	J150807
11000006	21000041	31000562	J110413
11000006	21000041	31000563	J105352
11000006	21000041	31000564	J161246
11000006	21000041	31000565	J125927
11000006	21000041	31000566	J130650
11000006	21000041	31000567	J142826
11000006	21000041	31000568	J152737
11000006	21000041	31000569	J225316
11000006	21000041	31000570	J163146
11000006	21000042	31000571	J134107
11000006	21000042	31000572	J104850
11000006	21000042	31000573	J131124
11000006	21000042	31000574	J123435
11000006	21000042	31000575	J150853
11000006	21000042	31000576	J170558
11000006	21000042	31000577	J214238
11000006	21000042	31000578	J110538
11000006	21000042	31000579	J143336
11000006	21000043	31000580	J232044
11000006	21000043	31000581	J145225
11000006	21000043	31000582	J231210
11000006	21000043	31000583	J223853
11000006	21000043	31000584	J234542
11000006	21000043	31000585	J115911
11000006	21000043	31000586	J135155
11000006	21000043	31000587	J152825
11000006	21000043	31000588	J115334
11000006	21000043	31000589	J114749
11000006	21000043	31000590	J134730
11000006	21000044	31000591	J105544
11000006	21000044	31000592	J233129
11000006	21000044	31000593	J114528
11000006	21000044	31000594	J103351
11000006	21000044	31000595	J152322
11000006	21000044	31000596	J132617
11000006	21000044	31000597	J104517
11000006	21000044	31000598	J132401
11000006	21000044	31000599	J142918
11000006	21000044	31000600	J163902
11000006	21000044	31000601	J214843
11000006	21000045	31000602	J173322
11000006	21000045	31000603	J120252
11000006	21000045	31000604	J232305
11000006	21000045	31000605	J123907
11000006	21000045	31000606	J144057
11000006	21000045	31000607	J223320
11000006	21000045	31000608	J153247
11000006	21000045	31000609	J204623
11000006	21000045	31000610	J223348
11000006	21000045	31000611	J115734
11000006	21000045	31000612	J154735
11000006	21000045	31000613	J115314
11000006	21000046	31000614	J164816
11000006	21000046	31000615	J132712
11000006	21000046	31000616	J124530
11000006	21000046	31000617	J134949
11000006	21000046	31000618	J132458
11000006	21000046	31000619	J160927
11000006	21000046	31000620	J150836
11000006	21000046	31000621	J102222
11000006	21000046	31000622	J103144
11000006	21000047	31000623	J135629
11000006	21000047	31000624	J115530
11000006	21000047	31000625	J133111
11000006	21000047	31000626	J150904
11000006	21000047	31000627	J111846
11000006	21000047	31000628	J152950
11000006	21000047	31000629	J120704
11000006	21000047	31000630	J104718
11000006	21000047	31000631	J131808
11000006	21000048	31000632	J231644
11000006	21000048	31000633	J232147
11000006	21000048	31000634	J132048
11000006	21000048	31000635	J172350
11000006	21000048	31000636	J145619
11000006	21000048	31000637	J163446
11000006	21000048	31000638	J140816
11000006	21000048	31000639	J141015
11000006	21000048	31000640	J101346
11000006	21000049	31000641	J212238
11000006	21000049	31000642	J235852
11000006	21000049	31000643	J134349
11000006	21000049	31000644	J204221
11000006	21000049	31000645	J110910
11000006	21000049	31000646	J131753
11000006	21000049	31000647	J113221
11000006	21000049	31000648	J152941
11000006	21000049	31000649	J144727
11000006	21000050	31000650	J143320
11000006	21000050	31000651	J155551
11000006	21000050	31000652	J162516
11000006	21000050	31000653	J135827
11000006	21000050	31000654	J131706
11000006	21000050	31000655	J214854
11000006	21000050	31000656	J150109
11000006	21000050	31000657	J103512
11000006	21000050	31000658	J121658
11000006	21000051	31000659	J143706
11000006	21000051	31000660	J235924
11000006	21000051	31000661	J103854
11000006	21000051	31000662	J214725
11000006	21000051	31000663	J101415
11000006	21000051	31000664	J122837
11000006	21000051	31000665	J125727
11000006	21000051	31000666	J142847
11000006	21000051	31000667	J155035
11000006	21000051	31000668	J102504
11000006	21000052	31000669	J160305
11000006	21000052	31000670	J151503
11000006	21000052	31000671	J142838
11000006	21000052	31000672	J131034
11000006	21000052	31000673	J214901
11000006	21000052	31000674	J113323
11000006	21000052	31000675	J112956
11000006	21000052	31000676	J104802
11000006	21000052	31000677	J100808
11000006	21000052	31000678	J100509
11000006	21000052	31000679	J142055
11000006	21000052	31000680	J135141
11000006	21000053	31000681	J151902
11000006	21000053	31000682	J235759
11000006	21000053	31000683	J164613
11000006	21000053	31000684	J225805
11000006	21000053	31000685	J112916
11000006	21000053	31000686	J115347
11000006	21000053	31000687	J224217
11000006	21000053	31000688	J110555
11000006	21000053	31000689	J143455
11000006	21000053	31000690	J111141
11000006	21000053	31000691	J104606
11000006	21000053	31000692	J222830
11000006	21000054	31000693	J123249
11000006	21000054	31000694	J115310
11000006	21000054	31000695	J143702
11000006	21000054	31000696	J223538
11000006	21000054	31000697	J131618
11000006	21000054	31000698	J215944
11000006	21000054	31000699	J121952
11000006	21000054	31000700	J121928
11000006	21000054	31000701	J105439
11000007	21000055	31000702	J150627
11000007	21000055	31000703	J121745
11000007	21000055	31000704	J141438
11000007	21000055	31000705	J214929
11000007	21000055	31000706	J130709
11000007	21000055	31000707	J103924
11000007	21000055	31000708	J211000
11000007	21000055	31000709	J123555
11000007	21000055	31000710	J151125
11000007	21000055	31000711	J123412
11000007	21000056	31000712	J112309
11000007	21000056	31000713	J123850
11000007	21000056	31000714	J163923
11000007	21000056	31000715	J143546
11000007	21000056	31000716	J130832
11000007	21000056	31000717	J221337
11000007	21000056	31000718	J113449
11000007	21000056	31000719	J212607
11000007	21000056	31000720	J165157
11000007	21000057	31000721	J142937
11000007	21000057	31000722	J120455
11000007	21000057	31000723	J122638
11000007	21000057	31000724	J161411
11000007	21000057	31000725	J124028
11000007	21000057	31000726	J134735
11000007	21000057	31000727	J142845
11000007	21000057	31000728	J140750
11000007	21000057	31000729	J104515
11000007	21000057	31000730	J113039
11000007	21000057	31000731	J111159
11000007	21000057	31000732	J105342
11000007	21000058	31000733	J121728
11000007	21000058	31000734	J115700
11000007	21000058	31000735	J143234
11000007	21000058	31000736	J122524
11000007	21000058	31000737	J124007
11000007	21000058	31000738	J150533
11000007	21000058	31000739	J143933
11000007	21000058	31000740	J225128
11000007	21000058	31000741	J133632
11000007	21000059	31000742	J131744
11000007	21000059	31000743	J125923
11000007	21000059	31000744	J161138
11000007	21000059	31000745	J125824
11000007	21000059	31000746	J223511
11000007	21000059	31000747	J134401
11000007	21000059	31000748	J214739
11000007	21000059	31000749	J104321
11000007	21000059	31000750	J115327
11000007	21000059	31000751	J154937
11000008	21000060	31000752	J112505
11000008	21000060	31000753	J102739
11000008	21000060	31000754	J171309
11000008	21000060	31000755	J133417
11000008	21000060	31000756	J124749
11000008	21000060	31000757	J122137
11000008	21000060	31000758	J140353
11000008	21000060	31000759	J104029
11000008	21000060	31000760	J151348
11000008	21000060	31000761	J163522
11000008	21000061	31000762	J131315
11000008	21000061	31000763	J114008
11000008	21000061	31000764	J233839
11000008	21000061	31000765	J112558
11000008	21000061	31000766	J114308
11000008	21000061	31000767	J130125
11000008	21000061	31000768	J173213
11000008	21000061	31000769	J160126
11000008	21000061	31000770	J154813
11000008	21000061	31000771	J215151
11000008	21000062	31000772	J144739
11000008	21000062	31000773	J102602
11000008	21000062	31000774	J120924
11000008	21000062	31000775	J212906
11000008	21000062	31000776	J101719
11000008	21000062	31000777	J101824
11000008	21000062	31000778	J153003
11000008	21000062	31000779	J105123
11000008	21000062	31000780	J122635
11000008	21000062	31000781	J152624
11000008	21000062	31000782	J224145
11000008	21000063	31000783	J163318
11000008	21000063	31000784	J144004
11000008	21000063	31000785	J122931
11000008	21000063	31000786	J173245
11000008	21000063	31000787	J145246
11000008	21000063	31000788	J124526
11000008	21000063	31000789	J165648
11000008	21000063	31000790	J134405
11000008	21000063	31000791	J213111
11000008	21000064	31000792	J135422
11000008	21000064	31000793	J153030
11000008	21000064	31000794	J120634
11000008	21000064	31000795	J102209
11000008	21000064	31000796	J123540
11000008	21000064	31000797	J112715
11000008	21000064	31000798	J162159
11000008	21000064	31000799	J122118
11000008	21000064	31000800	J105244
11000008	21000064	31000801	J123958
11000008	21000065	31000802	J223552
11000008	21000065	31000803	J232359
11000008	21000065	31000804	J171539
11000008	21000065	31000805	J100102
11000008	21000065	31000806	J154249
11000008	21000065	31000807	J105311
11000008	21000065	31000808	J210536
11000008	21000065	31000809	J151248
11000008	21000065	31000810	J131852
11000008	21000066	31000811	J141611
11000008	21000066	31000812	J113723
11000008	21000066	31000813	J121323
11000008	21000066	31000814	J144422
11000008	21000066	31000815	J140722
11000008	21000066	31000816	J141637
11000008	21000066	31000817	J112617
11000008	21000066	31000818	J150754
11000008	21000066	31000819	J102946
11000008	21000066	31000820	J115234
11000008	21000066	31000821	J145145
11000008	21000066	31000822	J145426
11000008	21000067	31000823	J122732
11000008	21000067	31000824	J144203
11000008	21000067	31000825	J140843
11000008	21000067	31000826	J155631
11000008	21000067	31000827	J235525
11000008	21000067	31000828	J121749
11000008	21000067	31000829	J162518
11000008	21000067	31000830	J132012
11000008	21000067	31000831	J102038
11000008	21000067	31000832	J150234
11000008	21000067	31000833	J112520
11000008	21000067	31000834	J165412
11000008	21000068	31000835	J151102
11000008	21000068	31000836	J133049
11000008	21000068	31000837	J161628
11000008	21000068	31000838	J134306
11000008	21000068	31000839	J131842
11000008	21000068	31000840	J232329
11000008	21000068	31000841	J164921
11000008	21000068	31000842	J203814
11000008	21000068	31000843	J151311
11000008	21000068	31000844	J101650
11000008	21000068	31000845	J165006
11000008	21000069	31000846	J103533
11000008	21000069	31000847	J101441
11000008	21000069	31000848	J124253
11000008	21000069	31000849	J232200
11000008	21000069	31000850	J144326
11000008	21000069	31000851	J124449
11000008	21000069	31000852	J100642
11000008	21000069	31000853	J133150
11000008	21000069	31000854	J164126
11000008	21000069	31000855	J171142
11000008	21000069	31000856	J145634
11000008	21000070	31000857	J151431
11000008	21000070	31000858	J233555
11000008	21000070	31000859	J100651
11000008	21000070	31000860	J132103
11000008	21000070	31000861	J121720
11000008	21000070	31000862	J210355
11000008	21000070	31000863	J125029
11000008	21000070	31000864	J103619
11000008	21000070	31000865	J165014
11000008	21000070	31000866	J124611
11000008	21000070	31000867	J150418
11000008	21000070	31000868	J145440
11000008	21000071	31000869	J113223
11000008	21000071	31000870	J234915
11000008	21000071	31000871	J162042
11000008	21000071	31000872	J112019
11000008	21000071	31000873	J162332
11000008	21000071	31000874	J125350
11000008	21000071	31000875	J101710
11000008	21000072	31000876	J223029
11000008	21000073	31000877	J234810
11000008	21000074	31000878	J135230
11000008	21000075	31000879	J111038
11000009	21000076	31000880	J160650
11000009	21000076	31000881	J114342
11000009	21000076	31000882	J152031
11000009	21000076	31000883	J113629
11000009	21000076	31000884	J220301
11000009	21000076	31000885	J102057
11000009	21000077	31000886	J124753
11000009	21000077	31000887	J114225
11000009	21000077	31000888	J105002
11000009	21000077	31000889	J111218
11000009	21000077	31000890	J111634
11000009	21000077	31000891	J105007
11000009	21000078	31000892	J205027
11000009	21000078	31000893	J111355
11000009	21000078	31000894	J101012
11000009	21000078	31000895	J161338
11000009	21000078	31000896	J170002
11000009	21000078	31000897	J104654
11000009	21000078	31000898	J124329
11000009	21000079	31000899	J114648
11000009	21000079	31000900	J131228
11000009	21000079	31000901	J110448
11000009	21000079	31000902	J144621
11000009	21000079	31000903	J153104
11000009	21000079	31000904	J100932
11000009	21000080	31000905	J114048
11000009	21000080	31000906	J115706
11000009	21000080	31000907	J123230
11000009	21000080	31000908	J152218
11000009	21000080	31000909	J123303
11000009	21000080	31000910	J102856
11000009	21000080	31000911	J151900
11000009	21000081	31000912	J124646
11000009	21000081	31000913	J153528
11000009	21000081	31000914	J112850
11000009	21000081	31000915	J102257
11000009	21000081	31000916	J142414
11000009	21000081	31000917	J165803
11000009	21000082	31000918	J115918
11000009	21000082	31000919	J222104
11000009	21000082	31000920	J124203
11000009	21000082	31000921	J112608
11000009	21000082	31000922	J161657
11000009	21000082	31000923	J111805
11000009	21000083	31000924	J113451
11000009	21000083	31000925	J141007
11000009	21000083	31000926	J164034
11000009	21000083	31000927	J101750
11000009	21000083	31000928	J165001
11000009	21000083	31000929	J111619
11000009	21000084	31000930	J140521
11000009	21000084	31000931	J140752
11000009	21000084	31000932	J143447
11000009	21000084	31000933	J142018
11000009	21000084	31000934	J105102
11000009	21000084	31000935	J124630
11000010	21000085	31000936	J165302
11000010	21000085	31000937	J143916
11000010	21000085	31000938	J221414
11000010	21000085	31000939	J153903
11000010	21000085	31000940	J103955
11000010	21000085	31000941	J210952
11000010	21000086	31000942	J134102
11000010	21000086	31000943	J140050
11000010	21000086	31000944	J131757
11000010	21000086	31000945	J140341
11000010	21000086	31000946	J111856
11000010	21000086	31000947	J102407
11000010	21000086	31000948	J151341
11000010	21000087	31000949	J110706
11000010	21000087	31000950	J133651
11000010	21000087	31000951	J123452
11000010	21000087	31000952	J102143
11000010	21000087	31000953	J220832
11000010	21000087	31000954	J160847
11000010	21000088	31000955	J125949
11000010	21000088	31000956	J164250
11000010	21000088	31000957	J212329
11000010	21000088	31000958	J112905
11000010	21000088	31000959	J144447
11000010	21000088	31000960	J113530
11000010	21000088	31000961	J103604
11000010	21000089	31000962	J142038
11000010	21000089	31000963	J130403
11000010	21000089	31000964	J132525
11000010	21000089	31000965	J103653
11000010	21000089	31000966	J154642
11000010	21000089	31000967	J163526
11000010	21000090	31000968	J212713
11000010	21000090	31000969	J132635
11000010	21000090	31000970	J114330
11000010	21000090	31000971	J224926
11000010	21000090	31000972	J113619
11000010	21000090	31000973	J214654
11000010	21000091	31000974	J151429
11000010	21000091	31000975	J111214
11000010	21000091	31000976	J113420
11000010	21000091	31000977	J135526
11000010	21000091	31000978	J164116
11000010	21000091	31000979	J214227
11000010	21000092	31000980	J164342
11000010	21000092	31000981	J151538
11000010	21000092	31000982	J125938
11000010	21000092	31000983	J165806
11000010	21000092	31000984	J122803
11000010	21000092	31000985	J113243
11000010	21000092	31000986	J134022
11000011	21000093	31000987	J152143
11000011	21000093	31000988	J170717
11000011	21000093	31000989	J121452
11000011	21000093	31000990	J124126
11000011	21000093	31000991	J173230
11000011	21000093	31000992	J164457
11000011	21000093	31000993	J112944
11000011	21000094	31000994	J115253
11000011	21000094	31000995	J100118
11000011	21000094	31000996	J100620
11000011	21000094	31000997	J145916
11000011	21000094	31000998	J223207
11000011	21000094	31000999	J144646
11000011	21000094	31001000	J142520
11000011	21000095	31001001	J230226
11000011	21000095	31001002	J150704
11000011	21000095	31001003	J225524
11000011	21000095	31001004	J133234
11000011	21000095	31001005	J125833
11000011	21000095	31001006	J104459
11000011	21000096	31001007	J164713
11000011	21000096	31001008	J135355
11000011	21000096	31001009	J220838
11000011	21000096	31001010	J225949
11000011	21000096	31001011	J130535
11000011	21000096	31001012	J111255
11000011	21000096	31001013	J121628
11000011	21000097	31001014	J221117
11000011	21000097	31001015	J115015
11000011	21000097	31001016	J172751
11000011	21000097	31001017	J134301
11000011	21000097	31001018	J104351
11000011	21000097	31001019	J144408
11000011	21000098	31001020	J220950
11000011	21000098	31001021	J165815
11000011	21000098	31001022	J120452
11000011	21000098	31001023	J142026
11000011	21000098	31001024	J111031
11000011	21000098	31001025	J130116
11000011	21000099	31001026	J111309
11000011	21000099	31001027	J122213
11000011	21000099	31001028	J170740
11000011	21000099	31001029	J113543
11000011	21000099	31001030	J170817
11000011	21000099	31001031	J123405
11000011	21000099	31001032	J125741
11000011	21000100	31001033	J114627
11000011	21000100	31001034	J155117
11000011	21000100	31001035	J165118
11000011	21000100	31001036	J141004
11000011	21000100	31001037	J174317
11000011	21000100	31001038	J145040
11000011	21000100	31001039	J171549
11000011	21000101	31001040	J100009
11000011	21000101	31001041	J124257
11000011	21000101	31001042	J154530
11000011	21000101	31001043	J152636
11000011	21000101	31001044	J100728
11000011	21000101	31001045	J115504
11000011	21000102	31001046	J104905
11000011	21000102	31001047	J125149
11000011	21000102	31001048	J172743
11000011	21000102	31001049	J111421
11000011	21000102	31001050	J152146
11000011	21000102	31001051	J111603
11000011	21000103	31001052	J114127
11000011	21000103	31001053	J113923
11000011	21000103	31001054	J123837
11000011	21000103	31001055	J125049
11000011	21000103	31001056	J161455
11000011	21000103	31001057	J124715
11000011	21000103	31001058	J124813
11000011	21000104	31001059	J120945
11000011	21000104	31001060	J155541
11000011	21000104	31001061	J105017
11000011	21000104	31001062	J154900
11000011	21000104	31001063	J164951
11000011	21000104	31001064	J162459
11000011	21000104	31001065	J141832
11000011	21000105	31001066	J115136
11000011	21000105	31001067	J112854
11000011	21000105	31001068	J222222
11000011	21000105	31001069	J124654
11000011	21000105	31001070	J132750
11000011	21000105	31001071	J170511
11000011	21000105	31001072	J155852
11000012	21000106	31001073	J121856
11000012	21000106	31001074	J131025
11000012	21000106	31001075	J122854
11000012	21000106	31001076	J132222
11000012	21000106	31001077	J203753
11000012	21000106	31001078	J130835
11000012	21000106	31001079	J134123
11000012	21000107	31001080	J133857
11000012	21000107	31001081	J171813
11000012	21000107	31001082	J143513
11000012	21000107	31001083	J112656
11000012	21000107	31001084	J154357
11000012	21000107	31001085	J154145
11000012	21000107	31001086	J100129
11000012	21000108	31001087	J155124
11000012	21000108	31001088	J133207
11000012	21000108	31001089	J124830
11000012	21000108	31001090	J144725
11000012	21000108	31001091	J170409
11000012	21000108	31001092	J103326
11000012	21000109	31001093	J160739
11000012	21000109	31001094	J133041
11000012	21000109	31001095	J205412
11000012	21000109	31001096	J145851
11000012	21000109	31001097	J132737
11000012	21000109	31001098	J130247
11000012	21000110	31001099	J151405
11000012	21000110	31001100	J131802
11000012	21000110	31001101	J221515
11000012	21000110	31001102	J142951
11000012	21000110	31001103	J101736
11000012	21000110	31001104	J233739
11000012	21000110	31001105	J221447
11000012	21000111	31001106	J145645
11000012	21000111	31001107	J153051
11000012	21000111	31001108	J141451
11000012	21000111	31001109	J131859
11000012	21000111	31001110	J144553
11000012	21000111	31001111	J145615
11000012	21000111	31001112	J223109
11000012	21000112	31001113	J132721
11000012	21000112	31001114	J103353
11000012	21000112	31001115	J173223
11000012	21000112	31001116	J104837
11000012	21000112	31001117	J163745
11000012	21000112	31001118	J101500
11000012	21000112	31001119	J224826
11000012	21000113	31001120	J230905
11000012	21000113	31001121	J110924
11000012	21000113	31001122	J122220
11000012	21000113	31001123	J165153
11000012	21000113	31001124	J204030
11000012	21000113	31001125	J134136
11000012	21000113	31001126	J113334
11000012	21000114	31001127	J125403
11000012	21000114	31001128	J162437
11000012	21000114	31001129	J235630
11000012	21000114	31001130	J105409
11000012	21000114	31001131	J163529
11000012	21000114	31001132	J152931
11000012	21000114	31001133	J131559
11000012	21000115	31001134	J143918
11000012	21000115	31001135	J104643
11000012	21000115	31001136	J212304
11000012	21000115	31001137	J154634
11000012	21000115	31001138	J172052
11000012	21000115	31001139	J135036
11000012	21000116	31001140	J134431
11000012	21000116	31001141	J121105
11000012	21000116	31001142	J120357
11000012	21000116	31001143	J101854
11000012	21000116	31001144	J232826
11000012	21000116	31001145	J154934
11000012	21000117	31001146	J170132
11000012	21000117	31001147	J114916
11000012	21000117	31001148	J142400
11000012	21000117	31001149	J115502
11000012	21000117	31001150	J121300
11000012	21000117	31001151	J223658
11000012	21000118	31001152	J124327
11000012	21000118	31001153	J220438
11000012	21000118	31001154	J144636
11000012	21000118	31001155	J113347
11000012	21000118	31001156	J150737
11000012	21000118	31001157	J152044
11000012	21000119	31001158	J142443
11000012	21000119	31001159	J164104
11000012	21000119	31001160	J155008
11000012	21000119	31001161	J114358
11000012	21000119	31001162	J122259
11000012	21000119	31001163	J125243
11000012	21000119	31001164	J114508
11000012	21000120	31001165	J125216
11000012	21000120	31001166	J113143
11000012	21000120	31001167	J101612
11000012	21000120	31001168	J101354
11000012	21000120	31001169	J100156
11000012	21000120	31001170	J110425
11000012	21000121	31001171	J133121
11000012	21000121	31001172	J165936
11000012	21000121	31001173	J213411
11000012	21000121	31001174	J231545
11000012	21000121	31001175	J121603
11000012	21000121	31001176	J222120
11000012	21000121	31001177	J231240
11000013	21000122	31001178	J164338
11000013	21000122	31001179	J142603
11000013	21000122	31001180	J212812
11000013	21000122	31001181	J164501
11000013	21000122	31001182	J144751
11000013	21000122	31001183	J214744
11000013	21000123	31001184	J135304
11000013	21000123	31001185	J223601
11000013	21000123	31001186	J103529
11000013	21000123	31001187	J161051
11000013	21000123	31001188	J224352
11000013	21000123	31001189	J113048
11000013	21000124	31001190	J140322
11000013	21000124	31001191	J152741
11000013	21000124	31001192	J222732
11000013	21000124	31001193	J171542
11000013	21000124	31001194	J205136
11000013	21000124	31001195	J121706
11000013	21000125	31001196	J143110
11000013	21000125	31001197	J110121
11000013	21000125	31001198	J104626
11000013	21000125	31001199	J212159
11000013	21000125	31001200	J151733
11000013	21000125	31001201	J103032
11000013	21000126	31001202	J150048
11000013	21000126	31001203	J113432
11000013	21000126	31001204	J134629
11000013	21000126	31001205	J113339
11000013	21000126	31001206	J122041
11000013	21000126	31001207	J130719
11000013	21000127	31001208	J204039
11000013	21000127	31001209	J101048
11000013	21000127	31001210	J114119
11000013	21000127	31001211	J110411
11000013	21000127	31001212	J104903
11000013	21000127	31001213	J151433
11000013	21000128	31001214	J143040
11000013	21000128	31001215	J133521
11000013	21000128	31001216	J163911
11000013	21000128	31001217	J204842
11000013	21000128	31001218	J135214
11000013	21000128	31001219	J131716
11000013	21000128	31001220	J225350
11000014	21000129	31001221	J105447
11000014	21000129	31001222	J144103
11000014	21000129	31001223	J165847
11000014	21000129	31001224	J121921
11000014	21000129	31001225	J212025
11000014	21000129	31001226	J145717
11000014	21000130	31001227	J113705
11000014	21000130	31001228	J132037
11000014	21000130	31001229	J224401
11000014	21000130	31001230	J152544
11000014	21000130	31001231	J114506
11000014	21000130	31001232	J231245
11000014	21000131	31001233	J151804
11000014	21000131	31001234	J105033
11000014	21000131	31001235	J214600
11000014	21000131	31001236	J152333
11000014	21000131	31001237	J131245
11000014	21000131	31001238	J151045
11000014	21000131	31001239	J160822
11000014	21000132	31001240	J125944
11000014	21000132	31001241	J173330
11000014	21000132	31001242	J115512
11000014	21000132	31001243	J161854
11000014	21000132	31001244	J122442
11000014	21000132	31001245	J114010
11000014	21000132	31001246	J153546
11000014	21000133	31001247	J141046
11000014	21000133	31001248	J160111
11000014	21000133	31001249	J101243
11000014	21000133	31001250	J214009
11000014	21000133	31001251	J152757
11000014	21000133	31001252	J164729
11000014	21000133	31001253	J171420
11000014	21000134	31001254	J232441
11000014	21000134	31001255	J131656
11000014	21000134	31001256	J135406
11000014	21000134	31001257	J230708
11000014	21000134	31001258	J120124
11000014	21000134	31001259	J132746
11000014	21000135	31001260	J212207
11000014	21000135	31001261	J104416
11000014	21000135	31001262	J104841
11000014	21000135	31001263	J172701
11000014	21000135	31001264	J104835
11000014	21000135	31001265	J113647
11000014	21000135	31001266	J144316
11000014	21000136	31001267	J114612
11000014	21000136	31001268	J130759
11000014	21000136	31001269	J164751
11000014	21000136	31001270	J131324
11000014	21000136	31001271	J230722
11000014	21000136	31001272	J134118
11000014	21000137	31001273	J164223
11000014	21000137	31001274	J154449
11000014	21000137	31001275	J172815
11000014	21000137	31001276	J151242
11000014	21000137	31001277	J213423
11000014	21000137	31001278	J145555
11000014	21000138	31001279	J101323
11000014	21000138	31001280	J112954
11000014	21000138	31001281	J133951
11000014	21000138	31001282	J150444
11000014	21000138	31001283	J153858
11000014	21000138	31001284	J172422
11000014	21000139	31001285	J155545
11000014	21000139	31001286	J161441
11000014	21000139	31001287	J125449
11000014	21000139	31001288	J210445
11000014	21000139	31001289	J123443
11000014	21000139	31001290	J121422
11000014	21000139	31001291	J155403
11000014	21000140	31001292	J103724
11000014	21000140	31001293	J112948
11000014	21000140	31001294	J235330
11000014	21000140	31001295	J121507
11000014	21000140	31001296	J235712
11000014	21000140	31001297	J125016
11000014	21000140	31001298	J151516
11000014	21000141	31001299	J132226
11000014	21000141	31001300	J170656
11000014	21000141	31001301	J155722
11000014	21000141	31001302	J150135
11000014	21000141	31001303	J151645
11000014	21000141	31001304	J211151
11000014	21000142	31001305	J213109
11000014	21000142	31001306	J233628
11000014	21000142	31001307	J102433
11000014	21000142	31001308	J111823
11000014	21000142	31001309	J211805
11000014	21000142	31001310	J172028
11000014	21000143	31001311	J101833
11000014	21000143	31001312	J104815
11000014	21000143	31001313	J124635
11000014	21000143	31001314	J110738
11000014	21000143	31001315	J170550
11000014	21000143	31001316	J143704
11000015	21000144	31001317	J143614
11000015	21000144	31001318	J170236
11000015	21000144	31001319	J153034
11000015	21000144	31001320	J220338
11000015	21000144	31001321	J171828
11000015	21000144	31001322	J112942
11000015	21000145	31001323	J112709
11000015	21000145	31001324	J161213
11000015	21000145	31001325	J140739
11000015	21000145	31001326	J213534
11000015	21000145	31001327	J165224
11000015	21000145	31001328	J170144
11000015	21000146	31001329	J162010
11000015	21000146	31001330	J110226
11000015	21000146	31001331	J104421
11000015	21000146	31001332	J104330
11000015	21000146	31001333	J170376
11000015	21000146	31001334	J100338
11000015	21000147	31001335	J110034
11000015	21000147	31001336	J124207
11000015	21000147	31001337	J132907
11000015	21000147	31001338	J100015
11000015	21000147	31001339	J144024
11000015	21000147	31001340	J122806
11000015	21000147	31001341	J133250
11000015	21000148	31001342	J135852
11000015	21000148	31001343	J130616
11000015	21000148	31001344	J204323
11000015	21000148	31001345	J120742
11000015	21000148	31001346	J105549
11000015	21000148	31001347	J103237
11000015	21000148	31001348	J215326
11000015	21000149	31001349	J121700
11000015	21000149	31001350	J124358
11000015	21000149	31001351	J112420
11000015	21000149	31001352	J130022
11000015	21000149	31001353	J155419
11000015	21000149	31001354	J135723
11000015	21000149	31001355	J105201
11000015	21000150	31001356	J133218
11000015	21000150	31001357	J143345
11000015	21000150	31001358	J115448
11000015	21000150	31001359	J135642
11000015	21000150	31001360	J205900
11000015	21000150	31001361	J112747
11000015	21000151	31001362	J121027
11000015	21000151	31001363	J124744
11000015	21000151	31001364	J161303
11000015	21000151	31001365	J141848
11000015	21000151	31001366	J104001
11000015	21000151	31001367	J102304
11000015	21000152	31001368	J172852
11000015	21000152	31001369	J131304
11000015	21000152	31001370	J145632
11000015	21000152	31001371	J102515
11000015	21000152	31001372	J160645
11000015	21000152	31001373	J135129
11000015	21000152	31001374	J115909
11000016	21000153	31001375	J160225
11000016	21000153	31001376	J210458
11000016	21000153	31001377	J113925
11000016	21000153	31001378	J204815
11000016	21000153	31001379	J104754
11000016	21000153	31001380	J130518
11000016	21000153	31001381	J142200
11000016	21000154	31001382	J103731
11000016	21000154	31001383	J100046
11000016	21000154	31001384	J230301
11000016	21000154	31001385	J165839
11000016	21000154	31001386	J235953
11000016	21000154	31001387	J115018
11000016	21000154	31001388	J133458
11000016	21000155	31001389	J221859
11000016	21000155	31001390	J170215
11000016	21000155	31001391	J165820
11000016	21000155	31001392	J130253
11000016	21000155	31001393	J120937
11000016	21000155	31001394	J214811
11000016	21000155	31001395	J160419
11000016	21000156	31001396	J161752
11000016	21000156	31001397	J112610
11000016	21000156	31001398	J123726
11000016	21000156	31001399	J124837
11000016	21000156	31001400	J151643
11000016	21000156	31001401	J160321
11000016	21000156	31001402	J165308
11000016	21000157	31001403	J171359
11000016	21000157	31001404	J115547
11000016	21000157	31001405	J141055
11000016	21000157	31001406	J153202
11000016	21000157	31001407	J121845
11000016	21000157	31001408	J113456
11000016	21000157	31001409	J144746
11000016	21000158	31001410	J171554
11000016	21000158	31001411	J111029
11000016	21000158	31001412	J145129
11000016	21000158	31001413	J113730
11000016	21000158	31001414	J100956
11000016	21000158	31001415	J134407
11000016	21000158	31001416	J101507
11000016	21000159	31001417	J105546
11000016	21000159	31001418	J123528
11000016	21000159	31001419	J145318
11000016	21000159	31001420	J132611
11000016	21000159	31001421	J153338
11000016	21000159	31001422	J102534
11000016	21000160	31001423	J144519
11000016	21000160	31001424	J141218
11000016	21000160	31001425	J152255
11000016	21000160	31001426	J142241
11000016	21000160	31001427	J131047
11000016	21000160	31001428	J100150
11000016	21000161	31001429	J104311
11000016	21000161	31001430	J111950
11000016	21000161	31001431	J132754
11000016	21000161	31001432	J101551
11000016	21000161	31001433	J211027
11000016	21000161	31001434	J105415
11000017	21000162	31001435	J224148
11000017	21000162	31001436	J100806
11000017	21000162	31001437	J133638
11000017	21000162	31001438	J231614
11000017	21000162	31001439	J103110
11000017	21000162	31001440	J101706
11000017	21000163	31001441	J142214
11000017	21000163	31001442	J155340
11000017	21000163	31001443	J165326
11000017	21000163	31001444	J133113
11000017	21000163	31001445	J122656
11000017	21000163	31001446	J134716
11000017	21000163	31001447	J171344
11000017	21000164	31001448	J161119
11000017	21000164	31001449	J111404
11000017	21000164	31001450	J105346
11000017	21000164	31001451	J154631
11000017	21000164	31001452	J150112
11000017	21000164	31001453	J104649
11000017	21000165	31001454	J234421
11000017	21000165	31001455	J105726
11000017	21000165	31001456	J111758
11000017	21000165	31001457	J142923
11000017	21000165	31001458	J114026
11000017	21000165	31001459	J115118
11000018	21000166	31001460	J162226
11000018	21000166	31001461	J165020
11000018	21000166	31001462	J125302
11000018	21000166	31001463	J113754
11000018	21000166	31001464	J153215
11000018	21000166	31001465	J213820
11000018	21000167	31001466	J111555
11000018	21000167	31001467	J131553
11000018	21000167	31001468	J143841
11000018	21000167	31001469	J113250
11000018	21000167	31001470	J204635
11000018	21000167	31001471	J212954
11000018	21000168	31001472	J132309
11000018	21000168	31001473	J231341
11000018	21000168	31001474	J160800
11000018	21000168	31001475	J155338
11000018	21000168	31001476	J132149
11000018	21000168	31001477	J171937
11000018	21000168	31001478	J152443
11000018	21000169	31001479	J111329
11000018	21000169	31001480	J171334
11000018	21000169	31001481	J115552
11000018	21000169	31001482	J151520
11000018	21000169	31001483	J165920
11000018	21000169	31001484	J145838
11000018	21000169	31001485	J125031
11000018	21000170	31001486	J110736
11000018	21000170	31001487	J165423
11000018	21000170	31001488	J155521
11000018	21000170	31001489	J135508
11000018	21000170	31001490	J103008
11000018	21000170	31001491	J103704
11000018	21000170	31001492	J104603
11000018	21000171	31001493	J163641
11000018	21000171	31001494	J203952
11000018	21000171	31001495	J105411
11000018	21000171	31001496	J101126
11000018	21000171	31001497	J122155
11000018	21000171	31001498	J110016
11000018	21000171	31001499	J212417
11000018	21000172	31001500	J142355
11000018	21000172	31001501	J121347
11000018	21000172	31001502	J172915
11000018	21000172	31001503	J155416
11000018	21000172	31001504	J211258
11000018	21000172	31001505	J120643
11000019	21000173	31001506	J143946
11000019	21000173	31001507	J125247
11000019	21000173	31001508	J144732
11000019	21000173	31001509	J155711
11000019	21000173	31001510	J214308
11000019	21000173	31001511	J134851
11000019	21000173	31001512	J145452
11000019	21000174	31001513	J115026
11000019	21000174	31001514	J151720
11000019	21000174	31001515	J151353
11000019	21000174	31001516	J113727
11000019	21000174	31001517	J130944
11000019	21000174	31001518	J145238
11000019	21000174	31001519	J235219
11000019	21000175	31001520	J172512
11000019	21000175	31001521	J141322
11000019	21000175	31001522	J210333
11000019	21000175	31001523	J135836
11000019	21000175	31001524	J101915
11000019	21000175	31001525	J130203
11000019	21000175	31001526	J110719
11000019	21000176	31001527	J131208
11000019	21000176	31001528	J121623
11000019	21000176	31001529	J150637
11000019	21000176	31001530	J130332
11000019	21000176	31001531	J1226-0
11000019	21000176	31001532	J114355
11000019	21000177	31001533	J144401
11000019	21000177	31001534	J103242
11000019	21000177	31001535	J161815
11000019	21000177	31001536	J132256
11000019	21000177	31001537	J162819
11000019	21000177	31001538	J131004
11000019	21000177	31001539	J141931
11000019	21000178	31001540	J112630
11000019	21000178	31001541	J154109
11000019	21000178	31001542	J153116
11000019	21000178	31001543	J160455
11000019	21000178	31001544	J102439
11000019	21000178	31001545	J160459
11000019	21000178	31001546	J131712
11000019	21000179	31001547	J140244
11000019	21000179	31001548	J150635
11000019	21000179	31001549	J125213
11000019	21000179	31001550	J154541
11000019	21000179	31001551	J120409
11000019	21000179	31001552	J140545
11000019	21000180	31001553	J162251
11000019	21000180	31001554	J120450
11000019	21000180	31001555	J220151
11000019	21000180	31001556	J104502
11000019	21000180	31001557	J152654
11000019	21000180	31001558	J124727
11000019	21000180	31001559	J151940
11000019	21000181	31001560	J212129
11000019	21000181	31001561	J141633
11000019	21000181	31001562	J145604
11000019	21000181	31001563	J212851
11000019	21000181	31001564	J145659
11000019	21000181	31001565	J165719
11000019	21000182	31001566	J154706
11000019	21000182	31001567	J141252
11000019	21000182	31001568	J112110
11000019	21000182	31001569	J140912
11000019	21000182	31001570	J165532
11000019	21000182	31001571	J161037
11000019	21000182	31001572	J130828
11000019	21000183	31001573	J122934
11000019	21000183	31001574	J163435
11000019	21000183	31001575	J221855
11000019	21000183	31001576	J124109
11000019	21000183	31001577	J123458
11000019	21000183	31001578	J134527
11000019	21000183	31001579	J133157
11000019	21000184	31001580	J141342
11000019	21000184	31001581	J145757
11000019	21000184	31001582	J130343
11000019	21000184	31001583	J152628
11000019	21000184	31001584	J112928
11000019	21000184	31001585	J133358
11000019	21000185	31001586	J102844
11000019	21000185	31001587	J134732
11000019	21000185	31001588	J213615
11000019	21000185	31001589	J131037
11000019	21000185	31001590	J154724
11000019	21000185	31001591	J213139
11000019	21000185	31001592	J103104
11000019	21000186	31001593	J121116
11000019	21000186	31001594	J142822
11000019	21000186	31001595	J102521
11000019	21000186	31001596	J215935
11000019	21000186	31001597	J162303
11000019	21000186	31001598	J102409
11000019	21000186	31001599	J104714
11000020	21000187	31001600	J171225
11000020	21000187	31001601	J124306
11000020	21000187	31001602	J135908
11000020	21000187	31001603	J124930
11000020	21000187	31001604	J162632
11000020	21000187	31001605	J155313
11000020	21000188	31001606	J211328
11000020	21000188	31001607	J204506
11000020	21000188	31001608	J133957
11000020	21000188	31001609	J115304
11000020	21000188	31001610	J112150
11000020	21000188	31001611	J131252
11000020	21000189	31001612	J133936
11000020	21000189	31001613	J143140
11000020	21000189	31001614	J154833
11000020	21000189	31001615	J101331
11000020	21000189	31001616	J151359
11000020	21000189	31001617	J150951
11000020	21000189	31001618	J140215
11000020	21000190	31001619	J152421
11000020	21000190	31001620	J130554
11000020	21000190	31001621	J101604
11000020	21000190	31001622	J150320
11000020	21000190	31001623	J134414
11000020	21000190	31001624	J131113
11000020	21000191	31001625	J124933
11000020	21000191	31001626	J150044
11000020	21000191	31001627	J155200
11000020	21000191	31001628	J145944
11000020	21000191	31001629	J145535
11000020	21000191	31001630	J141021
11000020	21000192	31001631	J223312
11000020	21000192	31001632	J212028
11000020	21000192	31001633	J164835
11000020	21000192	31001634	J115528
11000020	21000192	31001635	J143922
11000020	21000192	31001636	J225234
11000020	21000192	31001637	J165645
11000020	21000193	31001638	J100142
11000020	21000193	31001639	J101129
11000020	21000193	31001640	J141220
11000020	21000193	31001641	J112450
11000020	21000193	31001642	J121558
11000020	21000193	31001643	J104404
11000020	21000194	31001644	J152633
11000020	21000194	31001645	J104624
11000020	21000194	31001646	J113227
11000020	21000194	31001647	J211817
11000020	21000194	31001648	J144329
11000020	21000194	31001649	J154102
11000021	21000195	31001650	J162231
11000021	21000195	31001651	J151303
11000021	21000195	31001652	J145848
11000021	21000195	31001653	J152720
11000021	21000195	31001654	J123753
11000021	21000195	31001655	J101042
11000021	21000195	31001656	J223824
11000021	21000196	31001657	J125929
11000021	21000196	31001658	J225111
11000021	21000196	31001659	J135346
11000021	21000196	31001660	J144120
11000021	21000196	31001661	J215743
11000021	21000196	31001662	J111007
11000021	21000197	31001663	J231710
11000021	21000197	31001664	J141001
11000021	21000197	31001665	J163444
11000021	21000197	31001666	J103141
11000021	21000197	31001667	J112215
11000021	21000197	31001668	J215758
11000021	21000197	31001669	J101145
11000021	21000198	31001670	J212838
11000021	21000198	31001671	J111458
11000021	21000198	31001672	J115554
11000021	21000198	31001673	J170445
11000021	21000198	31001674	J162831
11000021	21000198	31001675	J124236
11000021	21000198	31001676	J101535
11000021	21000199	31001677	J113551
11000021	21000199	31001678	J162656
11000021	21000199	31001679	J114530
11000021	21000199	31001680	J155214
11000021	21000199	31001681	J102336
11000021	21000199	31001682	J123352
11000021	21000200	31001683	J100937
11000021	21000200	31001684	J100107
11000021	21000200	31001685	J204230
11000021	21000200	31001686	J233909
11000021	21000200	31001687	J134354
11000021	21000200	31001688	J160046
11000021	21000201	31001689	J162816
11000021	21000201	31001690	J170305
11000021	21000201	31001691	J102045
11000021	21000201	31001692	J100830
11000021	21000201	31001693	J115658
11000021	21000201	31001694	J123947
11000021	21000202	31001695	J224754
11000021	21000202	31001696	J140246
11000021	21000202	31001697	J214440
11000021	21000202	31001698	J144135
11000021	21000202	31001699	J151021
11000021	21000202	31001700	J114133
11000021	21000203	31001701	J130810
11000021	21000203	31001702	J141425
11000021	21000203	31001703	J121847
11000021	21000203	31001704	J150805
11000021	21000203	31001705	J140810
11000021	21000203	31001706	J141104
11000021	21000204	31001707	J114735
11000021	21000204	31001708	J205922
11000021	21000204	31001709	J215101
11000021	21000204	31001710	J144131
11000021	21000204	31001711	J213429
11000021	21000204	31001712	J121006
11000021	21000205	31001713	J111644
11000021	21000205	31001714	J164031
11000021	21000205	31001715	J155249
11000021	21000205	31001716	J103228
11000021	21000205	31001717	J164025
11000021	21000205	31001718	J163217
11000021	21000205	31001719	J103631
11000021	21000206	31001720	J145739
11000021	21000206	31001721	J114408
11000021	21000206	31001722	J131704
11000021	21000206	31001723	J112404
11000021	21000206	31001724	J104723
11000021	21000206	31001725	J123746
11000021	21000206	31001726	J225441
11000021	21000207	31001727	J111629
11000021	21000207	31001728	J140154
11000021	21000207	31001729	J144743
11000021	21000207	31001730	J210247
11000021	21000207	31001731	J133013
11000021	21000207	31001732	J160032
11000021	21000207	31001733	J111009
11000021	21000208	31001734	J142117
11000021	21000208	31001735	J110417
11000021	21000208	31001736	J204853
11000021	21000208	31001737	J132144
11000021	21000208	31001738	J160016
11000021	21000208	31001739	J142335
11000021	21000209	31001740	J105835
11000021	21000209	31001741	J102055
11000021	21000209	31001742	J140932
11000021	21000209	31001743	J134333
11000021	21000209	31001744	J160156
11000021	21000209	31001745	J150944
11000021	21000210	31001746	J113508
11000021	21000210	31001747	J151757
11000021	21000210	31001748	J142800
11000021	21000210	31001749	J170642
11000021	21000210	31001750	J130451
11000021	21000210	31001751	J113158
11000021	21000210	31001752	J225133
11000021	21000211	31001753	J100001
11000021	21000211	31001754	J155831
11000021	21000211	31001755	J145749
11000021	21000211	31001756	J164659
11000021	21000211	31001757	J135543
11000021	21000211	31001758	J132735
11000021	21000212	31001759	J141740
11000021	21000212	31001760	J101315
11000021	21000212	31001761	J123345
11000021	21000212	31001762	J105621
11000021	21000212	31001763	J113813
11000021	21000212	31001764	J135807
11000022	21000213	31001765	J122728
11000022	21000213	31001766	J110915
11000022	21000213	31001767	J171430
11000022	21000213	31001768	J154321
11000022	21000213	31001769	J104729
11000022	21000213	31001770	J111753
11000022	21000214	31001771	J140823
11000022	21000214	31001772	J161357
11000022	21000214	31001773	J162205
11000022	21000214	31001774	J113950
11000022	21000214	31001775	J124224
11000022	21000214	31001776	J155959
11000022	21000215	31001777	J103213
11000022	21000215	31001778	J105858
11000022	21000215	31001779	J172502
11000022	21000215	31001780	J170151
11000022	21000215	31001781	J165058
11000022	21000215	31001782	J173638
11000022	21000216	31001783	J130330
11000022	21000216	31001784	J132740
11000022	21000216	31001785	J133931
11000022	21000216	31001786	J143902
11000022	21000216	31001787	J165105
11000022	21000216	31001788	J141316
11000022	21000217	31001789	J113152
11000022	21000217	31001790	J113453
11000022	21000217	31001791	J144845
11000022	21000217	31001792	J140053
11000022	21000217	31001793	J151416
11000022	21000217	31001794	J100846
11000022	21000218	31001795	J165943
11000022	21000218	31001796	J103538
11000022	21000218	31001797	J154854
11000022	21000218	31001798	J212627
11000022	21000218	31001799	J150656
11000022	21000218	31001800	J224031
11000022	21000219	31001801	J215455
11000022	21000219	31001802	J122503
11000022	21000219	31001803	J103120
11000022	21000219	31001804	J164528
11000022	21000219	31001805	J125316
11000022	21000219	31001806	J113131
11000022	21000220	31001807	J144038
11000022	21000220	31001808	J172926
11000022	21000220	31001809	J154610
11000022	21000220	31001810	J103412
11000022	21000220	31001811	J150318
11000022	21000220	31001812	J211504
11000022	21000220	31001813	J111617
11000022	21000221	31001814	J100346
11000022	21000221	31001815	J143557
11000022	21000221	31001816	J130001
11000022	21000221	31001817	J101142
11000022	21000221	31001818	J155002
11000022	21000221	31001819	J154232
11000022	21000222	31001820	J142506
11000022	21000222	31001821	J155506
11000022	21000222	31001822	J163754
11000022	21000222	31001823	J100357
11000022	21000222	31001824	J115031
11000022	21000222	31001825	J122706
11000022	21000223	31001826	J114318
11000022	21000223	31001827	J150625
11000022	21000223	31001828	J113437
11000022	21000223	31001829	J213924
11000022	21000223	31001830	J152711
11000022	21000223	31001831	J160929
11000022	21000223	31001832	J153110
11000022	21000224	31001833	J132532
11000022	21000224	31001834	J114031
11000022	21000224	31001835	J120316
11000022	21000224	31001836	J151610
11000022	21000224	31001837	J145937
11000022	21000224	31001838	J122056
11000022	21000224	31001839	J170127
11000022	21000225	31001840	J145424
11000022	21000225	31001841	J101835
11000022	21000225	31001842	J103907
11000022	21000225	31001843	J130237
11000022	21000225	31001844	J104948
11000022	21000225	31001845	J120844
11000022	21000226	31001846	J154824
11000022	21000226	31001847	J134216
11000022	21000226	31001848	J120131
11000022	21000226	31001849	J120134
11000022	21000226	31001850	J224558
11000022	21000226	31001851	J161029
11000023	21000227	31001852	J225530
11000023	21000227	31001853	J154407
11000023	21000227	31001854	J140720
11000023	21000227	31001855	J222125
11000023	21000227	31001856	J152502
11000023	21000227	31001857	J220215
11000023	21000228	31001858	J141647
11000023	21000228	31001859	J101957
11000023	21000228	31001860	J223808
11000023	21000228	31001861	J105433
11000023	21000228	31001862	J153722
11000023	21000228	31001863	J105348
11000023	21000229	31001864	J113133
11000023	21000229	31001865	J105319
11000023	21000229	31001866	J162828
11000023	21000229	31001867	J233449
11000023	21000229	31001868	J150026
11000023	21000229	31001869	J125629
11000023	21000229	31001870	J123246
11000023	21000230	31001871	J215615
11000023	21000230	31001872	J152404
11000023	21000230	31001873	J132152
11000023	21000230	31001874	J145335
11000023	21000230	31001875	J162255
11000023	21000230	31001876	J112722
11000023	21000231	31001877	J134459
11000023	21000231	31001878	J131624
11000023	21000231	31001879	J165611
11000024	21000232	31001880	J152820
11000024	21000232	31001881	J135100
11000024	21000232	31001882	J122515
11000024	21000232	31001883	J172943
11000024	21000232	31001884	J205738
11000024	21000232	31001885	J134242
11000024	21000232	31001886	J103251
11000024	21000232	31001887	J111220
11000024	21000232	31001888	J170540
11000024	21000233	31001889	J102446
11000024	21000233	31001890	J141137
11000024	21000233	31001891	J164147
11000024	21000233	31001892	J100702
11000024	21000233	31001893	J133119
11000024	21000233	31001894	J124730
11000024	21000233	31001895	J132823
11000024	21000233	31001896	J100724
11000024	21000233	31001897	J162638
11000024	21000234	31001898	J230257
11000024	21000234	31001899	J223018
11000024	21000234	31001900	J135449
11000024	21000234	31001901	J133537
11000024	21000234	31001902	J155714
11000024	21000234	31001903	J112325
11000024	21000234	31001904	J150606
11000024	21000234	31001905	J110550
11000024	21000234	31001906	J205659
11000024	21000235	31001907	J100120
11000024	21000235	31001908	J151057
11000024	21000235	31001909	J213245
11000024	21000235	31001910	J121230
11000024	21000235	31001911	J145203
11000024	21000235	31001912	J111106
11000024	21000235	31001913	J222834
11000024	21000236	31001914	J232336
11000024	21000236	31001915	J161032
11000024	21000236	31001916	J154733
11000024	21000236	31001917	J153144
11000024	21000236	31001918	J122721
11000024	21000236	31001919	J133440
11000024	21000237	31001920	J103727
11000024	21000237	31001921	J152739
11000024	21000237	31001922	J140717
11000024	21000237	31001923	J205205
11000024	21000237	31001924	J130026
11000024	21000237	31001925	J151035
11000024	21000237	31001926	J112603
11000024	21000238	31001927	J151811
11000024	21000238	31001928	J105441
11000024	21000238	31001929	J124949
11000024	21000238	31001930	J130711
11000024	21000238	31001931	J131948
11000024	21000238	31001932	J132814
11000024	21000238	31001933	J213734
11000024	21000239	31001934	J140608
11000024	21000239	31001935	J212336
11000024	21000239	31001936	J104448
11000024	21000239	31001937	J164846
11000024	21000239	31001938	J161354
11000024	21000239	31001939	J103959
11000024	21000239	31001940	J114353
11000024	21000239	31001941	J171622
11000024	21000239	31001942	J143123
11000024	21000240	31001943	J125023
11000024	21000240	31001944	J122116
11000024	21000240	31001945	J151718
11000024	21000240	31001946	J153335
11000024	21000240	31001947	J170122
11000024	21000240	31001948	J150515
11000024	21000240	31001949	J104216
11000024	21000240	31001950	J111000
11000024	21000240	31001951	J155600
11000024	21000241	31001952	J132601
11000024	21000241	31001953	J132258
11000024	21000241	31001954	J221512
11000024	21000241	31001955	J125853
11000024	21000241	31001956	J141609
11000024	21000241	31001957	J134096
11000024	21000241	31001958	J121146
11000024	21000241	31001959	J121649
11000024	21000241	31001960	J135559
11000024	21000242	31001961	J130735
11000024	21000242	31001962	J144115
11000024	21000242	31001963	J112241
11000024	21000242	31001964	J141204
11000024	21000242	31001965	J131401
11000024	21000242	31001966	J170231
11000024	21000242	31001967	J164430
11000024	21000238	31002483	J170158
11000024	21000233	31002486	J224721
11000024	21000239	31002500	J120750
11000025	21000243	31001968	J143740
11000025	21000243	31001969	J115517
11000025	21000243	31001970	J230936
11000025	21000243	31001971	J133525
11000025	21000243	31001972	J215338
11000025	21000243	31001973	J112003
11000025	21000244	31001974	J214318
11000025	21000244	31001975	J110938
11000025	21000244	31001976	J103453
11000025	21000244	31001977	J101000
11000025	21000244	31001978	J110117
11000025	21000244	31001979	J100328
11000025	21000244	31001980	J155845
11000025	21000244	31001981	J152703
11000025	21000244	31001982	J110628
11000025	21000245	31001983	J142438
11000025	21000245	31001984	J153054
11000025	21000245	31001985	J114019
11000025	21000245	31001986	J233255
11000025	21000245	31001987	J135046
11000025	21000245	31001988	J145322
11000025	21000245	31001989	J112844
11000025	21000245	31001990	J120816
11000025	21000246	31001991	J165340
11000025	21000246	31001992	J124409
11000025	21000246	31001993	J124733
11000025	21000246	31001994	J173645
11000025	21000246	31001995	J165743
11000025	21000246	31001996	J171013
11000025	21000246	31001997	J155905
11000025	21000247	31001998	J213055
11000025	21000247	31001999	J212224
11000025	21000247	31002000	J234252
11000025	21000247	31002001	J150036
11000025	21000247	31002002	J172431
11000025	21000247	31002003	J114154
11000025	21000247	31002004	J115127
11000025	21000247	31002005	J233658
11000025	21000247	31002006	J114403
11000025	21000248	31002007	J165946
11000025	21000248	31002008	J124046
11000025	21000248	31002009	J102736
11000025	21000248	31002010	J133252
11000025	21000248	31002011	J140600
11000025	21000248	31002012	J163701
11000025	21000249	31002013	J115041
11000025	21000249	31002014	J154726
11000025	21000249	31002015	J123602
11000025	21000249	31002016	J100549
11000025	21000249	31002017	J124100
11000025	21000249	31002018	J113701
11000025	21000250	31002019	J164327
11000025	21000250	31002020	J110018
11000025	21000250	31002021	J164511
11000025	21000250	31002022	J130037
11000025	21000250	31002023	J101028
11000025	21000250	31002024	J100858
11000025	21000250	31002025	J151813
11000025	21000251	31002026	J113758
11000025	21000251	31002027	J153802
11000025	21000251	31002028	J130401
11000025	21000251	31002029	J130241
11000025	21000251	31002030	J232934
11000025	21000251	31002031	J213642
11000025	21000251	31002032	J144107
11000025	21000252	31002033	J140336
11000025	21000252	31002034	J214712
11000025	21000252	31002035	J170809
11000025	21000252	31002036	J220924
11000025	21000252	31002037	J142624
11000025	21000252	31002038	J150306
11000025	21000252	31002039	J100425
11000025	21000252	31002040	J161745
11000025	21000253	31002041	J131718
11000025	21000253	31002042	J151319
11000025	21000253	31002043	J113059
11000025	21000253	31002044	J142234
11000025	21000253	31002045	J113636
11000025	21000253	31002046	J142858
11000025	21000253	31002047	J135540
11000025	21000254	31002048	J155739
11000025	21000254	31002049	J132427
11000025	21000254	31002050	J114337
11000025	21000254	31002051	J121842
11000025	21000254	31002052	J100415
11000025	21000254	31002053	J143057
11000025	21000254	31002054	J165953
11000025	21000255	31002055	J102753
11000025	21000255	31002056	J221325
11000025	21000255	31002057	J114443
11000025	21000255	31002058	J125990
11000025	21000255	31002059	J114518
11000025	21000255	31002060	J102623
11000025	21000244	31002481	J103701
11000025	21000254	31002482	J171246
11000025	21000248	31002485	J145208
11000025	21000245	31002488	J130818
11000025	21000251	31002494	J234928
11000025	21000249	31002496	J133011
11000025	21000248	31002503	J114809
11000026	21000256	31002061	J164900
11000026	21000256	31002062	J122049
11000026	21000256	31002063	J154846
11000026	21000256	31002064	J115522
11000026	21000256	31002065	J145844
11000026	21000256	31002066	J121704
11000026	21000256	31002067	J121959
11000026	21000256	31002068	J105849
11000026	21000257	31002069	J122610
11000026	21000257	31002070	J152912
11000026	21000257	31002071	J145359
11000026	21000257	31002072	J154906
11000026	21000257	31002073	J160547
11000026	21000257	31002074	J111150
11000026	21000258	31002075	J111935
11000026	21000258	31002076	J100237
11000026	21000258	31002077	J145735
11000026	21000258	31002078	J103600
11000026	21000258	31002079	J211517
11000026	21000258	31002080	J131128
11000026	21000258	31002081	J143107
11000026	21000258	31002082	J213125
11000026	21000258	31002083	J152325
11000026	21000259	31002084	J114014
11000026	21000259	31002085	J215215
11000026	21000259	31002086	J143718
11000026	21000259	31002087	J134141
11000026	21000259	31002088	J114842
11000026	21000259	31002089	J105504
11000026	21000259	31002090	J130302
11000026	21000260	31002091	J170327
11000026	21000260	31002092	J120823
11000026	21000260	31002093	J153449
11000026	21000260	31002094	J164621
11000026	21000260	31002095	J142631
11000026	21000260	31002096	J134652
11000026	21000260	31002097	J123628
11000026	21000260	31002098	J130621
11000026	21000261	31002099	J171158
11000026	21000261	31002100	J163930
11000026	21000261	31002101	J113907
11000026	21000261	31002102	J164610
11000026	21000261	31002103	J145512
11000026	21000261	31002104	J133833
11000026	21000261	31002105	J141250
11000026	21000261	31002106	J105623
11000026	21000262	31002107	J120010
11000026	21000262	31002108	J233630
11000026	21000262	31002109	J162007
11000026	21000262	31002110	J215124
11000026	21000262	31002111	J141615
11000026	21000262	31002112	J133222
11000026	21000262	31002113	J105822
11000026	21000263	31002114	J171136
11000026	21000263	31002115	J152111
11000026	21000263	31002116	J104846
11000026	21000263	31002117	J123440
11000026	21000263	31002118	J121416
11000026	21000263	31002119	J161635
11000026	21000264	31002120	J141043
11000026	21000264	31002121	J163408
11000026	21000264	31002122	J135204
11000026	21000264	31002123	J133913
11000026	21000264	31002124	J153447
11000026	21000264	31002125	J145313
11000026	21000259	31002476	J101248
11000026	21000261	31002493	J154509
11000026	21000258	31002501	J104617
11000027	21000265	31002126	J162753
11000027	21000265	31002127	J135301
11000027	21000265	31002128	J125254
11000027	21000265	31002129	J145320
11000027	21000265	31002130	J103116
11000027	21000265	31002131	J120437
11000027	21000265	31002132	J100252
11000027	21000265	31002133	J153919
11000027	21000266	31002134	J115520
11000027	21000266	31002135	J100919
11000027	21000266	31002136	J115933
11000027	21000266	31002137	J133529
11000027	21000266	31002138	J131549
11000027	21000266	31002139	J205517
11000027	21000267	31002140	J220546
11000027	21000267	31002141	J102853
11000027	21000267	31002142	J115418
11000027	21000267	31002143	J155040
11000027	21000267	31002144	J172937
11000027	21000267	31002145	J122757
11000027	21000268	31002146	J100759
11000027	21000268	31002147	J145416
11000027	21000268	31002148	J152034
11000027	21000268	31002149	J125544
11000027	21000268	31002150	J123235
11000027	21000268	31002151	J151204
11000027	21000268	31002152	J104537
11000027	21000268	31002153	J162047
11000027	21000268	31002154	J140514
11000027	21000269	31002155	J154152
11000027	21000269	31002156	J143626
11000027	21000269	31002157	J161737
11000027	21000269	31002158	J142110
11000027	21000269	31002159	J112042
11000027	21000269	31002160	J105719
11000027	21000269	31002161	J101556
11000027	21000269	31002162	J230047
11000027	21000269	31002163	J213226
11000027	21000270	31002164	J104218
11000027	21000270	31002165	J115308
11000027	21000270	31002166	J140418
11000027	21000270	31002167	J101343
11000027	21000270	31002168	J105135
11000027	21000270	31002169	J111818
11000027	21000270	31002170	J110841
11000027	21000271	31002171	J134024
11000027	21000271	31002172	J142349
11000027	21000271	31002173	J212203
11000027	21000271	31002174	J124942
11000027	21000271	31002175	J131747
11000027	21000271	31002176	J133553
11000027	21000271	31002177	J115422
11000027	21000272	31002178	J103448
11000027	21000272	31002179	J161301
11000027	21000272	31002180	J130334
11000027	21000272	31002181	J172125
11000027	21000272	31002182	J114537
11000027	21000272	31002183	J134440
11000027	21000272	31002184	J101912
11000027	21000272	31002185	J214006
11000027	21000273	31002186	J235108
11000027	21000273	31002187	J124538
11000027	21000273	31002188	J125641
11000027	21000273	31002189	J141728
11000027	21000273	31002190	J100616
11000027	21000273	31002191	J204350
11000027	21000273	31002192	J151300
11000027	21000273	31002193	J114041
11000027	21000265	31002490	J221356
11000027	21000269	31002499	J143605
11000027	21000268	31002504	J125657
11000028	21000274	31002194	J115644
11000028	21000274	31002195	J103328
11000028	21000274	31002196	J143127
11000028	21000274	31002197	J121459
11000028	21000274	31002198	J114441
11000028	21000274	31002199	J102345
11000028	21000274	31002200	J161609
11000028	21000274	31002201	J131646
11000028	21000274	31002202	J144543
11000028	21000275	31002203	J123658
11000028	21000275	31002204	J121450
11000028	21000275	31002205	J145753
11000028	21000275	31002206	J130510
11000028	21000275	31002207	J135402
11000028	21000275	31002208	J165220
11000028	21000276	31002209	J124152
11000028	21000276	31002210	J162349
11000028	21000276	31002211	J210750
11000028	21000276	31002212	J235305
11000028	21000276	31002213	J120546
11000028	21000276	31002214	J105059
11000028	21000277	31002215	J140249
11000028	21000277	31002216	J154551
11000028	21000277	31002217	J151530
11000028	21000277	31002218	J122520
11000028	21000277	31002219	J151200
11000028	21000277	31002220	J143245
11000028	21000277	31002221	J124722
11000028	21000277	31002222	J173506
11000028	21000277	31002223	J121747
11000028	21000278	31002224	J235456
11000028	21000278	31002225	J113712
11000028	21000278	31002226	J165940
11000028	21000278	31002227	J165520
11000028	21000278	31002228	J135653
11000028	21000278	31002229	J132946
11000028	21000279	31002230	J134702
11000028	21000279	31002231	J111249
11000028	21000279	31002232	J105607
11000028	21000279	31002233	J100551
11000028	21000279	31002234	J140524
11000028	21000279	31002235	J234152
11000028	21000279	31002236	J164732
11000028	21000279	31002237	J131505
11000028	21000280	31002238	J115405
11000028	21000280	31002239	J215009
11000028	21000280	31002240	J161940
11000028	21000280	31002241	J145825
11000028	21000280	31002242	J132605
11000028	21000280	31002243	J115907
11000028	21000281	31002244	J125634
11000028	21000281	31002245	J110530
11000028	21000281	31002246	J100854
11000028	21000281	31002247	J102053
11000028	21000281	31002248	J111518
11000028	21000281	31002249	J145349
11000028	21000281	31002250	J145846
11000028	21000282	31002251	J215554
11000028	21000282	31002252	J115950
11000028	21000282	31002253	J100109
11000028	21000282	31002254	J161838
11000028	21000282	31002255	J173052
11000028	21000282	31002256	J170807
11000028	21000282	31002257	J105246
11000028	21000282	31002258	J144944
11000028	21000283	31002259	J170930
11000028	21000283	31002260	J130039
11000028	21000283	31002261	J103615
11000028	21000283	31002262	J111227
11000028	21000283	31002263	J153222
11000028	21000283	31002264	J144434
11000028	21000283	31002265	J230842
11000028	21000283	31002266	J172139
11000028	21000284	31002267	J232741
11000028	21000284	31002268	J110634
11000028	21000284	31002269	J124058
11000028	21000284	31002270	J123432
11000028	21000284	31002271	J151909
11000028	21000284	31002272	J145706
11000028	21000284	31002273	J230242
11000028	21000285	31002274	J172840
11000028	21000285	31002275	J131450
11000028	21000285	31002276	J125101
11000028	21000285	31002277	J142910
11000028	21000285	31002278	J131142
11000028	21000285	31002279	J152827
11000028	21000285	31002280	J115901
11000028	21000285	31002281	J114100
11000028	21000285	31002282	J162132
11000028	21000275	31002472	J161747
11000028	21000282	31002479	J100820
11000028	21000278	31002491	J111245
11000029	21000286	31002283	J171722
11000029	21000286	31002284	J135554
11000029	21000286	31002285	J214212
11000029	21000286	31002286	J130305
11000029	21000286	31002287	J111543
11000029	21000286	31002288	J160623
11000029	21000286	31002289	J234722
11000029	21000287	31002290	J133513
11000029	21000287	31002291	J104704
11000029	21000287	31002292	J120354
11000029	21000287	31002293	J165312
11000029	21000287	31002294	J103812
11000029	21000287	31002295	J143525
11000029	21000288	31002296	J125716
11000029	21000288	31002297	J143845
11000029	21000288	31002298	J135626
11000029	21000288	31002299	J115905
11000029	21000288	31002300	J233917
11000029	21000288	31002301	J140343
11000029	21000288	31002302	J114315
11000029	21000289	31002303	J142653
11000029	21000289	31002304	J132546
11000029	21000289	31002305	J165205
11000029	21000289	31002306	J122518
11000029	21000289	31002307	J153825
11000029	21000289	31002308	J101435
11000029	21000289	31002309	J143819
11000029	21000289	31002310	J170417
11000029	21000289	31002311	J115727
11000029	21000290	31002312	J115124
11000029	21000290	31002313	J135533
11000029	21000290	31002314	J230745
11000029	21000290	31002315	J112918
11000029	21000290	31002316	J111640
11000029	21000290	31002317	J231137
11000029	21000290	31002318	J111613
11000029	21000290	31002319	J145131
11000029	21000291	31002320	J111003
11000029	21000291	31002321	J131520
11000029	21000291	31002322	J120922
11000029	21000291	31002323	J142138
11000029	21000291	31002324	J153106
11000029	21000291	31002325	J111939
11000029	21000291	31002326	J173550
11000029	21000291	31002327	J145310
11000029	21000291	31002328	J155928
11000029	21000292	31002329	J234208
11000029	21000292	31002330	J105722
11000029	21000292	31002331	J123546
11000029	21000292	31002332	J210235
11000029	21000292	31002333	J170736
11000029	21000292	31002334	J170240
11000029	21000292	31002335	J125532
11000029	21000292	31002336	J133923
11000029	21000292	31002337	J131509
11000029	21000293	31002338	J210519
11000029	21000293	31002339	J233517
11000029	21000293	31002340	J162612
11000029	21000293	31002341	J123055
11000029	21000293	31002342	J212302
11000029	21000293	31002343	J102103
11000029	21000293	31002344	J213956
11000029	21000293	31002345	J161944
11000029	21000294	31002346	J135705
11000029	21000294	31002347	J103215
11000029	21000294	31002348	J141032
11000029	21000294	31002349	J135306
11000029	21000294	31002350	J155256
11000029	21000294	31002351	J162853
11000029	21000294	31002352	J104809
11000029	21000294	31002353	J144454
11000029	21000295	31002354	J110759
11000029	21000295	31002355	J215304
11000029	21000295	31002356	J110946
11000029	21000295	31002357	J230221
11000029	21000295	31002358	J140133
11000029	21000295	31002359	J105531
11000029	21000296	31002360	J213502
11000029	21000296	31002361	J101647
11000029	21000296	31002362	J133023
11000029	21000296	31002363	J164553
11000029	21000296	31002364	J232959
11000029	21000296	31002365	J152106
11000029	21000296	31002366	J142535
11000029	21000291	31002471	J222408
11000029	21000296	31002473	J132328
11000029	21000292	31002475	J142814
11000029	21000290	31002477	J135825
11000029	21000296	31002480	J213344
11000029	21000290	31002497	J125245
11000030	21000297	31002367	J104859
11000030	21000297	31002368	J155838
11000030	21000297	31002369	J164745
11000030	21000297	31002370	J135504
11000030	21000297	31002371	J115923
11000030	21000297	31002372	J151325
11000030	21000297	31002373	J105705
11000030	21000298	31002374	J141434
11000030	21000298	31002375	J115844
11000030	21000298	31002376	J133906
11000030	21000298	31002377	J115855
11000030	21000298	31002378	J150020
11000030	21000298	31002379	J142528
11000030	21000299	31002380	J130900
11000030	21000299	31002381	J222045
11000030	21000299	31002382	J111450
11000030	21000299	31002383	J103800
11000030	21000299	31002384	J144420
11000030	21000299	31002385	J152550
11000030	21000299	31002386	J114003
11000030	21000299	31002387	J143751
11000030	21000299	31002388	J215930
11000030	21000300	31002389	J120512
11000030	21000300	31002390	J145939
11000030	21000300	31002391	J135623
11000030	21000300	31002392	J111918
11000030	21000300	31002393	J162614
11000030	21000300	31002394	J104921
11000030	21000300	31002395	J230049
11000030	21000300	31002396	J115935
11000030	21000301	31002397	J151920
11000030	21000301	31002398	J160855
11000030	21000301	31002399	J155311
11000030	21000301	31002400	J101553
11000030	21000301	31002401	J110421
11000030	21000301	31002402	J155207
11000030	21000302	31002403	J143200
11000030	21000302	31002404	J110834
11000030	21000302	31002405	J142247
11000030	21000302	31002406	J112028
11000030	21000302	31002407	J111520
11000030	21000302	31002408	J161335
11000030	21000302	31002409	J170118
11000030	21000302	31002410	J160722
11000030	21000303	31002411	J124504
11000030	21000303	31002412	J212612
11000030	21000303	31002413	J154829
11000030	21000303	31002414	J144436
11000030	21000303	31002415	J165641
11000030	21000303	31002416	J145510
11000030	21000304	31002417	J110810
11000030	21000304	31002418	J131916
11000030	21000304	31002419	J120103
11000030	21000304	31002420	J171404
11000030	21000304	31002421	J104632
11000030	21000304	31002422	J103400
11000030	21000304	31002423	J154021
11000030	21000304	31002424	J122249
11000030	21000304	31002425	J213753
11000030	21000305	31002426	J155650
11000030	21000305	31002427	J152722
11000030	21000305	31002428	J100501
11000030	21000305	31002429	J140918
11000030	21000305	31002430	J103414
11000030	21000305	31002431	J223432
11000030	21000305	31002432	J100409
11000030	21000305	31002433	J141502
11000030	21000305	31002434	J115008
11000030	21000306	31002435	J112829
11000030	21000306	31002436	J105801
11000030	21000306	31002437	J105023
11000030	21000306	31002438	J101652
11000030	21000306	31002439	J163225
11000030	21000306	31002440	J135220
11000030	21000306	31002441	J114430
11000030	21000306	31002442	J103504
11000030	21000307	31002443	J123940
11000030	21000307	31002444	J104857
11000030	21000307	31002445	J112417
11000030	21000307	31002446	J205141
11000030	21000307	31002447	J104037
11000030	21000307	31002448	J144902
11000030	21000308	31002449	J122818
11000030	21000308	31002450	J211353
11000030	21000308	31002451	J104136
11000030	21000308	31002452	J172842
11000030	21000308	31002453	J122452
11000030	21000308	31002454	J140200
11000030	21000308	31002455	J232246
11000030	21000308	31002456	J101748
11000030	21000309	31002457	J133241
11000030	21000309	31002458	J151817
11000030	21000309	31002459	J124201
11000030	21000309	31002460	J125111
11000030	21000309	31002461	J101755
11000030	21000309	31002462	J101708
11000030	21000309	31002463	J135031
11000030	21000310	31002464	J152117
11000030	21000310	31002465	J164701
11000030	21000310	31002466	J132106
11000030	21000310	31002467	J141319
11000030	21000310	31002468	J170845
11000030	21000310	31002469	J161215
11000030	21000310	31002470	J111447
11000030	21000307	31002474	J153217
11000030	21000299	31002478	J151838
11000030	21000307	31002484	J230559
11000030	21000298	31002487	J105934
11000030	21000303	31002489	J140555
11000030	21000310	31002492	J102834
11000030	21000310	31002495	J222604
11000030	21000309	31002498	J145523
11000030	21000299	31002502	J125122
